12
17
21
25
26
27
31
32
32
33
39
41
41
41
41
44
44
48
51
51
52
52
52
54
54
54
55
57
58
58
58
58
59
59
59
61
63
63
64
64
64
64
65
66
67
67
67
68
68
71
71
71
73
73
73
74
74
75
76
78
79
79
81
82
82
82
83
84
88
88
90
90
90
91
91
92
92
93
94
94
94
94
95
95
95
95
96
96
96
97
99
99
102
104
104
116
117
117
118
118
118
119
120
120
122
123
123
124
125
126
126
127
128
130
130
132
134
134
136
137
138
138
138
138
139
139
142
142
142
143
143
143
145
145
146
147
147
147
147
147
149
152
153
154
154
154
155
155
155
155
156
156
156
156
158
159
159
159
159
165
166
167
167
167
172
173
175
176
176
177
178
179
182
183
184
185
185
187
193
199
203
204
205
205
205
205
206
208
208
208
208
210
214
214
214
215
217
218
219
219
220
221
229
230
231
231
233
233
233
233
234
237
238
239
239
239
239
240
240
243
244
244
244
247
247
248
248
248
248
248
248
248
248
249
250
251
251
252
254
255
255
256
257
257
257
259
263
264
264
264
264
264
264
265
266
266
267
267
268
268
268
269
273
273
275
276
277
277
278
281
284
284
284
285
285
285
285
286
287
287
288
288
291
294
294
296
297
297
298
299
301
301
302
302
302
305
305
307
308
309
309
310
310
311
312
312
312
314
314
315
315
316
317
318
318
318
320
321
321
321
327
327
329
331
337
341
341
342
342
342
344
345
345
346
346
347
349
351
352
352
354
355
356
356
356
358
358
358
359
361
362
364
364
364
364
364
365
365
371
371
371
372
374
374
375
375
377
378
381
381
384
390
390
391
391
392
396
397
399
399
402
402
402
403
404
405
406
407
408
410
411
412
412
412
412
413
415
417
417
417
418
419
420
420
420
421
421
422
423
426
427
427
428
430
431
431
431
431
432
432
435
436
437
438
439
441
441
443
448
451
452
452
456
457
458
458
463
463
465
466
468
468
468
470
470
470
471
472
473
481
481
482
486
487
487
489
489
489
490
490
490
490
498
501
502
502
503
508
509
511
512
512
517
519
520
521
521
523
523
527
529
529
531
531
534
540
540
540
540
543
543
544
547
547
548
555
556
556
556
557
560
562
562
563
564
566
566
566
568
571
571
571
571
572
573
573
576
576
577
578
578
581
581
583
587
589
590
592
592
598
598
598
600
601
601
601
602
603
604
604
605
605
607
607
607
607
607
608
608
610
611
612
612
612
612
612
613
614
615
617
617
618
618
620
620
620
620
620
623
623
628
628
631
631
632
633
633
634
634
635
637
638
639
640
640
641
641
641
643
644
645
648
650
650
650
653
653
653
654
657
658
660
661
662
663
668
671
671
673
678
678
680
682
684
684
684
685
687
688
688
688
688
688
688
689
689
689
689
690
690
690
690
690
691
694
695
699
701
701
703
704
705
705
705
705
706
706
706
706
708
708
708
709
709
709
711
712
712
713
713
714
715
718
719
720
720
720
721
723
728
731
731
731
731
731
732
733
734
734
735
740
740
740
741
741
742
742
742
743
743
744
745
745
746
746
746
749
751
751
752
752
752
755
756
756
759
759
759
762
764
764
766
771
771
771
774
775
775
776
776
777
778
779
781
782
782
784
785
786
788
789
795
799
800
801
801
801
801
802
802
803
804
804
804
806
807
808
811
812
812
812
812
812
812
812
812
814
815
815
819
819
819
820
820
820
821
821
822
823
824
824
826
827
830
832
833
833
834
836
836
839
840
842
842
843
843
844
845
845
845
848
850
854
855
857
857
859
860
861
862
862
863
864
864
864
864
864
864
865
868
872
872
873
876
876
877
879
880
881
882
883
883
884
884
885
886
887
889
889
889
889
889
889
890
890
890
890
890
893
899
899
899
899
901
901
901
901
901
901
902
902
902
903
903
903
903
903
904
905
905
905
906
907
908
908
911
912
912
912
913
913
913
915
915
915
915
915
915
917
918
918
918
919
920
921
921
922
926
931
931
932
932
933
934
934
935
937
937
940
941
941
942
944
944
945
945
945
945
947
947
948
948
948
950
954
955
955
957
958
958
959
959
960
961
962
963
963
964
964
965
965
966
966
967
967
967
968
968
968
970
971
972
972
972
972
973
976
977
978
978
978
981
982
982
984
987
988
988
988
990
993
995
995
995
995
996
997
998
998
998
998
998
998
998
998
998
998
998
998
998
998
999
999
999
999
999
999
999
999
999
999
999
999
999
999
999
999
999
999
999
