412
987
65
734
221
508
999
143
876
390
52
641
278
815
94
703
556
120
934
287
468
759
31
602
845
173
998
264
711
489
356
902
147
633
720
55
812
294
961
438
67
784
512
239
905
318
650
471
26
893
540
199
742
865
104
321
957
684
58
776
413
229
998
605
812
337
490
723
159
864
276
941
118
503
782
344
699
25
915
468
731
82
650
999
143
578
264
801
412
937
356
620
75
884
291
563
918
470
39
752
604
187
935
421
688
250
799
364
90
812
547
138
966
403
721
285
854
612
97
775
441
308
995
156
623
487
820
54
709
932
248
601
713
365
889
142
576
934
217
800
653
95
782
436
519
901
244
678
355
988
126
543
714
269
850
392
601
73
948
417
705
288
833
564
102
997
346
751
489
230
876
154
690
812
405
937
268
571
999
64
720
583
411
806
257
931
472
608
345
789
120
954
266
631
498
842
71
915
327
560
998
243
687
419
774
95
836
502
310
968
147
690
255
801
432
577
999
88
745
613
204
859
371
926
58
640
487
998
312
705
166
844
590
239
972
418
653
27
801
566
490
915
374
628
999
143
752
381
864
205
709
998
316
540
771
95
883
421
600
237
945
682
59
814
356
990
127
578
463
821
249
932
74
688
511
998
302
740
159
864
397
615
988
41
755
268
903
420
671
592
819
104
967
285
648
390
999
152
706
431
823
277
915
364
589
998
240
731
456
812
59
944
301
678
523
899
147
620
785
998
233
571
684
902
315
766
41
955
288
643
517
830
999
124
708
452
691
873
265
598
947
310
826
64
779
512
998
437
620
155
884
302
971
468
733
58
999
641
284
705
396
812
947
123
568
901
277
650
998
431
786
520
94
863
712
349
999
208
671
435
882
156
740
598
913
267
824
470
61
998
352
705
439
960
248
811
573
999
182
654
307
745
918
264
832
501
96
999
412
688
257
843
529
901
374
612
155
998
706
481
239
890
321
777
52
964
408
735
618
999
285
641
907
156
820
473
598
731
244
999
862
315
704
529
981
147
660
432
815
90
999
573
248
746
635
804
399
912
267
581
998
154
720
463
885
342
617
959
128
771
999
406
638
215
890
523
764
301
845
99
912
458
637
728
889
247
998
562
701
314
864
490
933
155
802
378
645
999
482
17
903
256
771
64
995
138
527
342
689
41
908
233
756
119
864
502
297
945
78
611
354
820
167
973
448
205
690
33
912
581
264
740
155
889
426
708
92
531
377
968
214
653
481
802
146
999
305
572
83
661
248
917
430
795
122
544
371
982
63
718
259
840
175
906
402
689
311
557
94
623
470
881
136
764
208
995
341
612
57
734
486
919
203
658
145
872
399
521
68
743
286
950
117
604
431
788
254
965
312
540
79
827
466
901
158
632
284
977
345
509
71
860
219
694
138
955
372
618
44
781
263
908
521
746
183
999
407
662
125
834
296
571
90
688
452
913
240
775
318
964
154
607
489
822
63
701
275
948
134
566
321
890
247
639
82
715
358
931
206
548
99
803
417
972
165
684
231
759
342
905
118
633
490
861
273
742
51
996
384
620
149
877
268
531
74
808
412
963
185
657
309
920
142
576
233
845
391
708
64
982
255
614
178
899
327
751
96
868
443
922
210
587
134
776
359
941
248
603
81
712
465
984
193
556
320
807
147
695
238
902
371
628
59
836
441
970
214
688
302
911
176
547
88
762
423
995
159
640
281
879
346
713
52
968
404
631
220
842
167
709
94
915
358
566
231
887
312
644
73
801
427
959
185
612
298
746
130
904
375
689
41
833
257
978
402
555
118
862
309
741
96
921
364
607
252
890
145
778
331
965
208
634
79
848
417
903
156
592
244
819
67
731
358
942
123
680
297
864
431
999
54
706
285
918
176
543
92
857
364
972
219
601
138
749
422
886
305
967
71
534
248
812
167
903
451
690
32
945
273
608
159
872
347
921
84
756
410
988
205
663
294
839
117
901
362
744
68
855
239
978
314
620
153
889
427
706
91
963
248
571
132
804
375
940
266
617
48
732
351
899
214
685
93
958
402
540
177
812
264
901
58
743
329
966
184
607
251
883
420
719
76
948
365
610
139
857
284
993
317
562
91
821
458
976
205
634
172
889
341
752
66
913
428
689
137
804
299
967
54
742
381
905
126
668
233
890
415
759
82
944
361
607
248
819
130
972
457
688
95
731
264
903
142
556
318
880
67
945
234
612
179
824
391
958
208
673
44
899
352
741
116
962
287
605
139
843
420
978
251
690
73
915
364
607
218
889
32
12
51
21
412
987
65
734
221
508
999
143
876
390
52
641
278
815
94
703
556
120
934
287
468
759
31
602
845
173
998
264
711
489
356
902
147
633
720
55
812
294
961
438
67
784
512
239
905
318
650
471
26
893
540
199
742
865
104
321
957
684
58
776
413
229
998
605
812
337
490
723
159
864
276
941
118
503
782
344
699
25
915
468
731
82
650
999
143
578
264
801
412
937
356
620
75
884
291
563
918
470
39
752
604
187
935
421
688
250
799
364
90
812
547
138
966
403
721
285
854
612
97
775
441
308
995
156
623
487
820
54
709
932
248
601
713
365
889
142
576
934
217
800
653
95
782
436
519
901
244
678
355
988
126
543
714
269
850
392
601
73
948
417
705
288
833
564
102
997
346
751
489
230
876
154
690
812
405
937
268
571
999
64
720
583
411
806
257
931
472
608
345
789
120
954
266
631
498
842
71
915
327
560
998
243
687
419
774
95
836
502
310
968
147
690
255
801
432
577
999
88
745
613
204
859
371
926
58
640
487
998
312
705
166
844
590
239
972
418
653
27
801
566
490
915
374
628
999
143
752
381
864
205
709
998
316
540
771
95
883
421
600
237
945
682
59
814
356
990
127
578
463
821
249
932
74
688
511
998
302
740
159
864
397
615
988
41
755
268
903
420
671
592
819
104
967
285
648
390
999
152
706
431
823
277
915
364
589
998
240
731
456
812
59
944
301
678
523
899
147
620
785
998
233
571
684
902
315
766
41
955
288
643
517
830
999
124
708
452
691
873
265
598
947
310
826
64
779
512
998
437
620
155
884
302
971
468
733
58
999
641
284
705
396
812
947
123
568
901
277
650
998
431
786
520
94
863
712
349
999
208
671
435
882
156
740
598
913
267
824
470
61
998
352
705
439
960
248
811
573
999
182
654
307
745
918
264
832
501
96
999
412
688
257
843
529
901
374
612
155
998
706
481
239
890
321
777
52
964
408
735
618
999
285
641
907
156
820
473
598
731
244
999
862
315
704
529
981
147
660
432
815
90
999
573
248
746
635
804
399
912
267
581
998
154
720
463
885
342
617
959
128
771
999
406
638
215
890
523
764
301
845
99
912
458
637
728
889
247
998
562
701
314
864
490
933
155
802
378
645
999
482
17
903
256
771
64
995
138
527
342
689
41
908
233
756
119
864
502
297
945
78
611
354
820
167
973
448
205
690
33
912
581
264
740
155
889
426
708
92
531
377
968
214
653
481
802
146
999
305
572
83
661
248
917
430
795
122
544
371
982
63
718
259
840
175
906
402
689
311
557
94
623
470
881
136
764
208
995
341
612
57
734
486
919
203
658
145
872
399
521
68
743
286
950
117
604
431
788
254
965
312
540
79
827
466
901
158
632
284
977
345
509
71
860
219
694
138
955
372
618
44
781
263
908
521
746
183
999
407
662
125
834
296
571
90
688
452
913
240
775
318
964
154
607
489
822
63
701
275
948
134
566
321
890
247
639
82
715
358
931
206
548
99
803
417
972
165
684
231
759
342
905
118
633
490
861
273
742
51
996
384
620
149
877
268
531
74
808
412
963
185
657
309
920
142
576
233
845
391
708
64
982
255
614
178
899
327
751
96
868
443
922
210
587
134
776
359
941
248
603
81
712
465
984
193
556
320
807
147
695
238
902
371
628
59
836
441
970
214
688
302
911
176
547
88
762
423
995
159
640
281
879
346
713
52
968
404
631
220
842
167
709
94
915
358
566
231
887
312
644
73
801
427
959
185
612
298
746
130
904
375
689
41
833
257
978
402
555
118
862
309
741
96
921
364
607
252
890
145
778
331
965
208
634
79
848
417
903
156
592
244
819
67
731
358
942
123
680
297
864
431
999
54
706
285
918
176
543
92
857
364
972
219
601
138
749
422
886
305
967
71
534
248
812
167
903
451
690
32
945
273
608
159
872
347
921
84
756
410
988
205
663
294
839
117
901
362
744
68
855
239
978
314
620
153
889
427
706
91
963
248
571
132
804
375
940
266
617
48
732
351
899
214
685
93
958
402
540
177
812
264
901
58
743
329
966
184
607
251
883
420
719
76
948
365
610
139
857
284
993
317
562
91
821
458
976
205
634
172
889
341
752
66
913
428
689
137
804
299
967
54
742
381
905
126
668
233
890
415
759
82
944
361
607
248
819
130
972
457
688
95
731
264
903
142
556
318
880
67
945
234
612
179
824
391
958
208
673
44
899
352
741
116
962
287
605
139
843
420
978
251
690
73
915
364
607
218
889
32
12
51
21
412
987
65
734
221
508
999
143
876
390
52
641
278
815
94
703
556
120
934
287
468
759
31
602
845
173
998
264
711
489
356
902
147
633
720
55
812
294
961
438
67
784
512
239
905
318
650
471
26
893
540
199
742
865
104
321
957
684
58
776
413
229
998
605
812
337
490
723
159
864
276
941
118
503
782
344
699
25
915
468
731
82
650
999
143
578
264
801
412
937
356
620
75
884
291
563
918
470
39
752
604
187
935
421
688
250
799
364
90
812
547
138
966
403
721
285
854
612
97
775
441
308
995
156
623
487
820
54
709
932
248
601
713
365
889
142
576
934
217
800
653
95
782
436
519
901
244
678
355
988
126
543
714
269
850
392
601
73
948
417
705
288
833
564
102
997
346
751
489
230
876
154
690
812
405
937
268
571
999
64
720
583
411
806
257
931
472
608
345
789
120
954
266
631
498
842
71
915
327
560
998
243
687
419
774
95
836
502
310
968
147
690
255
801
432
577
999
88
745
613
204
859
371
926
58
640
487
998
312
705
166
844
590
239
972
418
653
27
801
566
490
915
374
628
999
143
752
381
864
205
709
998
316
540
771
95
883
421
600
237
945
682
59
814
356
990
127
578
463
821
249
932
74
688
511
998
302
740
159
864
397
615
988
41
755
268
903
420
671
592
819
104
967
285
648
390
999
152
706
431
823
277
915
364
589
998
240
731
456
812
59
944
301
678
523
899
147
620
785
998
233
571
684
902
315
766
41
955
288
643
517
830
999
124
708
452
691
873
265
598
947
310
826
64
779
512
998
437
620
155
884
302
971
468
733
58
999
641
284
705
396
812
947
123
568
901
277
650
998
431
786
520
94
863
712
349
999
208
671
435
882
156
740
598
913
267
824
470
61
998
352
705
439
960
248
811
573
999
182
654
307
745
918
264
832
501
96
999
412
688
257
843
529
901
374
612
155
998
706
481
239
890
321
777
52
964
408
735
618
999
285
641
907
156
820
473
598
731
244
999
862
315
704
529
981
147
660
432
815
90
999
573
248
746
635
804
399
912
267
581
998
154
720
463
885
342
617
959
128
771
999
406
638
215
890
523
764
301
845
99
912
458
637
728
889
247
998
562
701
314
864
490
933
155
802
378
645
999
482
17
903
256
771
64
995
138
527
342
689
41
908
233
756
119
864
502
297
945
78
611
354
820
167
973
448
205
690
33
912
581
264
740
155
889
426
708
92
531
377
968
214
653
481
802
146
999
305
572
83
661
248
917
430
795
122
544
371
982
63
718
259
840
175
906
402
689
311
557
94
623
470
881
136
764
208
995
341
612
57
734
486
919
203
658
145
872
399
521
68
743
286
950
117
604
431
788
254
965
312
540
79
827
466
901
158
632
284
977
345
509
71
860
219
694
138
955
372
618
44
781
263
908
521
746
183
999
407
662
125
834
296
571
90
688
452
913
240
775
318
964
154
607
489
822
63
701
275
948
134
566
321
890
247
639
82
715
358
931
206
548
99
803
417
972
165
684
231
759
342
905
118
633
490
861
273
742
51
996
384
620
149
877
268
531
74
808
412
963
185
657
309
920
142
576
233
845
391
708
64
982
255
614
178
899
327
751
96
868
443
922
210
587
134
776
359
941
248
603
81
712
465
984
193
556
320
807
147
695
238
902
371
628
59
836
441
970
214
688
302
911
176
547
88
762
423
995
159
640
281
879
346
713
52
968
404
631
220
842
167
709
94
915
358
566
231
887
312
644
73
801
427
959
185
612
298
746
130
904
375
689
41
833
257
978
402
555
118
862
309
741
96
921
364
607
252
890
145
778
331
965
208
634
79
848
417
903
156
592
244
819
67
731
358
942
123
680
297
864
431
999
54
706
285
918
176
543
92
857
364
972
219
601
138
749
422
886
305
967
71
534
248
812
167
903
451
690
32
945
273
608
159
872
347
921
84
756
410
988
205
663
294
839
117
901
362
744
68
855
239
978
314
620
153
889
427
706
91
963
248
571
132
804
375
940
266
617
48
732
351
899
214
685
93
958
402
540
177
812
264
901
58
743
329
966
184
607
251
883
420
719
76
948
365
610
139
857
284
993
317
562
91
821
458
976
205
634
172
889
341
752
66
913
428
689
137
804
299
967
54
742
381
905
126
668
233
890
415
759
82
944
361
607
248
819
130
972
457
688
95
731
264
903
142
556
318
880
67
945
234
612
179
824
391
958
208
673
44
899
352
741
116
962
287
605
139
843
420
978
251
690
73
915
364
607
218
889
32
12
51
21
412
987
65
734
221
508
999
143
876
390
52
641
278
815
94
703
556
120
934
287
468
759
31
602
845
173
998
264
711
489
356
902
147
633
720
55
812
294
961
438
67
784
512
239
905
318
650
471
26
893
540
199
742
865
104
321
957
684
58
776
413
229
998
605
812
337
490
723
159
864
276
941
118
503
782
344
699
25
915
468
731
82
650
999
143
578
264
801
412
937
356
620
75
884
291
563
918
470
39
752
604
187
935
421
688
250
799
364
90
812
547
138
966
403
721
285
854
612
97
775
441
308
995
156
623
487
820
54
709
932
248
601
713
365
889
142
576
934
217
800
653
95
782
436
519
901
244
678
355
988
126
543
714
269
850
392
601
73
948
417
705
288
833
564
102
997
346
751
489
230
876
154
690
812
405
937
268
571
999
64
720
583
411
806
257
931
472
608
345
789
120
954
266
631
498
842
71
915
327
560
998
243
687
419
774
95
836
502
310
968
147
690
255
801
432
577
999
88
745
613
204
859
371
926
58
640
487
998
312
705
166
844
590
239
972
418
653
27
801
566
490
915
374
628
999
143
752
381
864
205
709
998
316
540
771
95
883
421
600
237
945
682
59
814
356
990
127
578
463
821
249
932
74
688
511
998
302
740
159
864
397
615
988
41
755
268
903
420
671
592
819
104
967
285
648
390
999
152
706
431
823
277
915
364
589
998
240
731
456
812
59
944
301
678
523
899
147
620
785
998
233
571
684
902
315
766
41
955
288
643
517
830
999
124
708
452
691
873
265
598
947
310
826
64
779
512
998
437
620
155
884
302
971
468
733
58
999
641
284
705
396
812
947
123
568
901
277
650
998
431
786
520
94
863
712
349
999
208
671
435
882
156
740
598
913
267
824
470
61
998
352
705
439
960
248
811
573
999
182
654
307
745
918
264
832
501
96
999
412
688
257
843
529
901
374
612
155
998
706
481
239
890
321
777
52
964
408
735
618
999
285
641
907
156
820
473
598
731
244
999
862
315
704
529
981
147
660
432
815
90
999
573
248
746
635
804
399
912
267
581
998
154
720
463
885
342
617
959
128
771
999
406
638
215
890
523
764
301
845
99
912
458
637
728
889
247
998
562
701
314
864
490
933
155
802
378
645
999
482
17
903
256
771
64
995
138
527
342
689
41
908
233
756
119
864
502
297
945
78
611
354
820
167
973
448
205
690
33
912
581
264
740
155
889
426
708
92
531
377
968
214
653
481
802
146
999
305
572
83
661
248
917
430
795
122
544
371
982
63
718
259
840
175
906
402
689
311
557
94
623
470
881
136
764
208
995
341
612
57
734
486
919
203
658
145
872
399
521
68
743
286
950
117
604
431
788
254
965
312
540
79
827
466
901
158
632
284
977
345
509
71
860
219
694
138
955
372
618
44
781
263
908
521
746
183
999
407
662
125
834
296
571
90
688
452
913
240
775
318
964
154
607
489
822
63
701
275
948
134
566
321
890
247
639
82
715
358
931
206
548
99
803
417
972
165
684
231
759
342
905
118
633
490
861
273
742
51
996
384
620
149
877
268
531
74
808
412
963
185
657
309
920
142
576
233
845
391
708
64
982
255
614
178
899
327
751
96
868
443
922
210
587
134
776
359
941
248
603
81
712
465
984
193
556
320
807
147
695
238
902
371
628
59
836
441
970
214
688
302
911
176
547
88
762
423
995
159
640
281
879
346
713
52
968
404
631
220
842
167
709
94
915
358
566
231
887
312
644
73
801
427
959
185
612
298
746
130
904
375
689
41
833
257
978
402
555
118
862
309
741
96
921
364
607
252
890
145
778
331
965
208
634
79
848
417
903
156
592
244
819
67
731
358
942
123
680
297
864
431
999
54
706
285
918
176
543
92
857
364
972
219
601
138
749
422
886
305
967
71
534
248
812
167
903
451
690
32
945
273
608
159
872
347
921
84
756
410
988
205
663
294
839
117
901
362
744
68
855
239
978
314
620
153
889
427
706
91
963
248
571
132
804
375
940
266
617
48
732
351
899
214
685
93
958
402
540
177
812
264
901
58
743
329
966
184
607
251
883
420
719
76
948
365
610
139
857
284
993
317
562
91
821
458
976
205
634
172
889
341
752
66
913
428
689
137
804
299
967
54
742
381
905
126
668
233
890
415
759
82
944
361
607
248
819
130
972
457
688
95
731
264
903
142
556
318
880
67
945
234
612
179
824
391
958
208
673
44
899
352
741
116
962
287
605
139
843
420
978
251
690
73
915
364
607
218
889
32
12
51
21
412
987
65
734
221
508
999
143
876
390
52
641
278
815
94
703
556
120
934
287
468
759
31
602
845
173
998
264
711
489
356
902
147
633
720
55
812
294
961
438
67
784
512
239
905
318
650
471
26
893
540
199
742
865
104
321
957
684
58
776
413
229
998
605
812
337
490
723
159
864
276
941
118
503
782
344
699
25
915
468
731
82
650
999
143
578
264
801
412
937
356
620
75
884
291
563
918
470
39
752
604
187
935
421
688
250
799
364
90
812
547
138
966
403
721
285
854
612
97
775
441
308
995
156
623
487
820
54
709
932
248
601
713
365
889
142
576
934
217
800
653
95
782
436
519
901
244
678
355
988
126
543
714
269
850
392
601
73
948
417
705
288
833
564
102
997
346
751
489
230
876
154
690
812
405
937
268
571
999
64
720
583
411
806
257
931
472
608
345
789
120
954
266
631
498
842
71
915
327
560
998
243
687
419
774
95
836
502
310
968
147
690
255
801
432
577
999
88
745
613
204
859
371
926
58
640
487
998
312
705
166
844
590
239
972
418
653
27
801
566
490
915
374
628
999
143
752
381
864
205
709
998
316
540
771
95
883
421
600
237
945
682
59
814
356
990
127
578
463
821
249
932
74
688
511
998
302
740
159
864
397
615
988
41
755
268
903
420
671
592
819
104
967
285
648
390
999
152
706
431
823
277
915
364
589
998
240
731
456
812
59
944
301
678
523
899
147
620
785
998
233
571
684
902
315
766
41
955
288
643
517
830
999
124
708
452
691
873
265
598
947
310
826
64
779
512
998
437
620
155
884
302
971
468
733
58
999
641
284
705
396
812
947
123
568
901
277
650
998
431
786
520
94
863
712
349
999
208
671
435
882
156
740
598
913
267
824
470
61
998
352
705
439
960
248
811
573
999
182
654
307
745
918
264
832
501
96
999
412
688
257
843
529
901
374
612
155
998
706
481
239
890
321
777
52
964
408
735
618
999
285
641
907
156
820
473
598
731
244
999
862
315
704
529
981
147
660
432
815
90
999
573
248
746
635
804
399
912
267
581
998
154
720
463
885
342
617
959
128
771
999
406
638
215
890
523
764
301
845
99
912
458
637
728
889
247
998
562
701
314
864
490
933
155
802
378
645
999
482
17
903
256
771
64
995
138
527
342
689
41
908
233
756
119
864
502
297
945
78
611
354
820
167
973
448
205
690
33
912
581
264
740
155
889
426
708
92
531
377
968
214
653
481
802
146
999
305
572
83
661
248
917
430
795
122
544
371
982
63
718
259
840
175
906
402
689
311
557
94
623
470
881
136
764
208
995
341
612
57
734
486
919
203
658
145
872
399
521
68
743
286
950
117
604
431
788
254
965
312
540
79
827
466
901
158
632
284
977
345
509
71
860
219
694
138
955
372
618
44
781
263
908
521
746
183
999
407
662
125
834
296
571
90
688
452
913
240
775
318
964
154
607
489
822
63
701
275
948
134
566
321
890
247
639
82
715
358
931
206
548
99
803
417
972
165
684
231
759
342
905
118
633
490
861
273
742
51
996
384
620
149
877
268
531
74
808
412
963
185
657
309
920
142
576
233
845
391
708
64
982
255
614
178
899
327
751
96
868
443
922
210
587
134
776
359
941
248
603
81
712
465
984
193
556
320
807
147
695
238
902
371
628
59
836
441
970
214
688
302
911
176
547
88
762
423
995
159
640
281
879
346
713
52
968
404
631
220
842
167
709
94
915
358
566
231
887
312
644
73
801
427
959
185
612
298
746
130
904
375
689
41
833
257
978
402
555
118
862
309
741
96
921
364
607
252
890
145
778
331
965
208
634
79
848
417
903
156
592
244
819
67
731
358
942
123
680
297
864
431
999
54
706
285
918
176
543
92
857
364
972
219
601
138
749
422
886
305
967
71
534
248
812
167
903
451
690
32
945
273
608
159
872
347
921
84
756
410
988
205
663
294
839
117
901
362
744
68
855
239
978
314
620
153
889
427
706
91
963
248
571
132
804
375
940
266
617
48
732
351
899
214
685
93
958
402
540
177
812
264
901
58
743
329
966
184
607
251
883
420
719
76
948
365
610
139
857
284
993
317
562
91
821
458
976
205
634
172
889
341
752
66
913
428
689
137
804
299
967
54
742
381
905
126
668
233
890
415
759
82
944
361
607
248
819
130
972
457
688
95
731
264
903
142
556
318
880
67
945
234
612
179
824
391
958
208
673
44
899
352
741
116
962
287
605
139
843
420
978
251
690
73
915
364
607
218
889
32
12
51
21
412
987
65
734
221
508
999
143
876
390
52
641
278
815
94
703
556
120
934
287
468
759
31
602
845
173
998
264
711
489
356
902
147
633
720
55
812
294
961
438
67
784
512
239
905
318
650
471
26
893
540
199
742
865
104
321
957
684
58
776
413
229
998
605
812
337
490
723
159
864
276
941
118
503
782
344
699
25
915
468
731
82
650
999
143
578
264
801
412
937
356
620
75
884
291
563
918
470
39
752
604
187
935
421
688
250
799
364
90
812
547
138
966
403
721
285
854
612
97
775
441
308
995
156
623
487
820
54
709
932
248
601
713
365
889
142
576
934
217
800
653
95
782
436
519
901
244
678
355
988
126
543
714
269
850
392
601
73
948
417
705
288
833
564
102
997
346
751
489
230
876
154
690
812
405
937
268
571
999
64
720
583
411
806
257
931
472
608
345
789
120
954
266
631
498
842
71
915
327
560
998
243
687
419
774
95
836
502
310
968
147
690
255
801
432
577
999
88
745
613
204
859
371
926
58
640
487
998
312
705
166
844
590
239
972
418
653
27
801
566
490
915
374
628
999
143
752
381
864
205
709
998
316
540
771
95
883
421
600
237
945
682
59
814
356
990
127
578
463
821
249
932
74
688
511
998
302
740
159
864
397
615
988
41
755
268
903
420
671
592
819
104
967
285
648
390
999
152
706
431
823
277
915
364
589
998
240
731
456
812
59
944
301
678
523
899
147
620
785
998
233
571
684
902
315
766
41
955
288
643
517
830
999
124
708
452
691
873
265
598
947
310
826
64
779
512
998
437
620
155
884
302
971
468
733
58
999
641
284
705
396
812
947
123
568
901
277
650
998
431
786
520
94
863
712
349
999
208
671
435
882
156
740
598
913
267
824
470
61
998
352
705
439
960
248
811
573
999
182
654
307
745
918
264
832
501
96
999
412
688
257
843
529
901
374
612
155
998
706
481
239
890
321
777
52
964
408
735
618
999
285
641
907
156
820
473
598
731
244
999
862
315
704
529
981
147
660
432
815
90
999
573
248
746
635
804
399
912
267
581
998
154
720
463
885
342
617
959
128
771
999
406
638
215
890
523
764
301
845
99
912
458
637
728
889
247
998
562
701
314
864
490
933
155
802
378
645
999
482
17
903
256
771
64
995
138
527
342
689
41
908
233
756
119
864
502
297
945
78
611
354
820
167
973
448
205
690
33
912
581
264
740
155
889
426
708
92
531
377
968
214
653
481
802
146
999
305
572
83
661
248
917
430
795
122
544
371
982
63
718
259
840
175
906
402
689
311
557
94
623
470
881
136
764
208
995
341
612
57
734
486
919
203
658
145
872
399
521
68
743
286
950
117
604
431
788
254
965
312
540
79
827
466
901
158
632
284
977
345
509
71
860
219
694
138
955
372
618
44
781
263
908
521
746
183
999
407
662
125
834
296
571
90
688
452
913
240
775
318
964
154
607
489
822
63
701
275
948
134
566
321
890
247
639
82
715
358
931
206
548
99
803
417
972
165
684
231
759
342
905
118
633
490
861
273
742
51
996
384
620
149
877
268
531
74
808
412
963
185
657
309
920
142
576
233
845
391
708
64
982
255
614
178
899
327
751
96
868
443
922
210
587
134
776
359
941
248
603
81
712
465
984
193
556
320
807
147
695
238
902
371
628
59
836
441
970
214
688
302
911
176
547
88
762
423
995
159
640
281
879
346
713
52
968
404
631
220
842
167
709
94
915
358
566
231
887
312
644
73
801
427
959
185
612
298
746
130
904
375
689
41
833
257
978
402
555
118
862
309
741
96
921
364
607
252
890
145
778
331
965
208
634
79
848
417
903
156
592
244
819
67
731
358
942
123
680
297
864
431
999
54
706
285
918
176
543
92
857
364
972
219
601
138
749
422
886
305
967
71
534
248
812
167
903
451
690
32
945
273
608
159
872
347
921
84
756
410
988
205
663
294
839
117
901
362
744
68
855
239
978
314
620
153
889
427
706
91
963
248
571
132
804
375
940
266
617
48
732
351
899
214
685
93
958
402
540
177
812
264
901
58
743
329
966
184
607
251
883
420
719
76
948
365
610
139
857
284
993
317
562
91
821
458
976
205
634
172
889
341
752
66
913
428
689
137
804
299
967
54
742
381
905
126
668
233
890
415
759
82
944
361
607
248
819
130
972
457
688
95
731
264
903
142
556
318
880
67
945
234
612
179
824
391
958
208
673
44
899
352
741
116
962
287
605
139
843
420
978
251
690
73
915
364
607
218
889
32
12
51
21